? ? ? ? ? ? ? ? ? ?
? ? ? ? ? 2 1 3 ? ?
? ? ? ? ? 1 0 1 ? ?
? ? ? ? 1 1 0 1 ? ?
? ? ? ? 1 0 0 1 ? ?
? ? ? ? 1 0 0 1 ? ?
? 1 1 1 1 0 0 1 1 1
1 1 0 0 0 0 0 0 0 0
0 0 0 0 0 0 1 1 1 0
0 0 0 0 0 0 1 ? 1 0
Risk factors:
1.00 1.00 1.00 1.00 0.20 0.26 0.60 0.34 0.30 1.00
1.00 1.00 1.00 1.00 0.00 1.00 1.00 1.00 0.00 1.00
1.00 1.00 1.00 0.00 1.00 1.00 1.00 1.00 1.00 1.00
1.00 1.00 1.00 0.00 1.00 1.00 1.00 1.00 0.00 1.00
1.00 1.00 1.00 0.00 1.00 1.00 1.00 1.00 0.00 1.00
0.00 0.00 0.00 1.00 1.00 1.00 1.00 1.00 1.00 0.00
1.00 1.00 1.00 1.00 1.00 1.00 1.00 1.00 1.00 1.00
1.00 1.00 1.00 1.00 1.00 1.00 1.00 1.00 1.00 1.00
1.00 1.00 1.00 1.00 1.00 1.00 1.00 1.00 1.00 1.00
1.00 1.00 1.00 1.00 1.00 1.00 1.00 1.00 1.00 1.00

? ? ? ? ? ? ? ? ? ?
? ? ? ? 1 2 1 3 ? ?
? ? ? ? ? 1 0 1 ? ?
? ? ? ? 1 1 0 1 ? ?
? ? ? ? 1 0 0 1 ? ?
? ? ? ? 1 0 0 1 ? ?
? 1 1 1 1 0 0 1 1 1
1 1 0 0 0 0 0 0 0 0
0 0 0 0 0 0 1 1 1 0
0 0 0 0 0 0 1 ? 1 0
Risk factors:
1.00 1.00 1.00 0.10 0.26 0.40 0.60 0.34 0.30 1.00
1.00 1.00 1.00 0.12 1.00 1.00 1.00 1.00 0.00 1.00
1.00 1.00 1.00 0.00 1.00 1.00 1.00 1.00 1.00 1.00
1.00 1.00 1.00 0.00 1.00 1.00 1.00 1.00 0.00 1.00
1.00 1.00 1.00 0.00 1.00 1.00 1.00 1.00 0.00 1.00
0.00 0.00 0.00 1.00 1.00 1.00 1.00 1.00 1.00 0.00
1.00 1.00 1.00 1.00 1.00 1.00 1.00 1.00 1.00 1.00
1.00 1.00 1.00 1.00 1.00 1.00 1.00 1.00 1.00 1.00
1.00 1.00 1.00 1.00 1.00 1.00 1.00 1.00 1.00 1.00
1.00 1.00 1.00 1.00 1.00 1.00 1.00 1.00 1.00 1.00

? ? ? ? ? ? ? ? ? ?
? ? ? ? 1 2 1 3 2 ?
? ? ? ? ? 1 0 1 ? ?
? ? ? ? 1 1 0 1 ? ?
? ? ? ? 1 0 0 1 ? ?
? ? ? ? 1 0 0 1 ? ?
? 1 1 1 1 0 0 1 1 1
1 1 0 0 0 0 0 0 0 0
0 0 0 0 0 0 1 1 1 0
0 0 0 0 0 0 1 ? 1 0
Risk factors:
1.00 1.00 1.00 0.10 0.24 0.38 0.57 0.57 0.41 0.14
1.00 1.00 1.00 0.11 1.00 1.00 1.00 1.00 1.00 0.14
1.00 1.00 1.00 0.00 1.00 1.00 1.00 1.00 1.00 0.16
1.00 1.00 1.00 0.00 1.00 1.00 1.00 1.00 0.00 1.00
1.00 1.00 1.00 0.00 1.00 1.00 1.00 1.00 0.00 1.00
0.00 0.00 0.00 1.00 1.00 1.00 1.00 1.00 1.00 0.00
1.00 1.00 1.00 1.00 1.00 1.00 1.00 1.00 1.00 1.00
1.00 1.00 1.00 1.00 1.00 1.00 1.00 1.00 1.00 1.00
1.00 1.00 1.00 1.00 1.00 1.00 1.00 1.00 1.00 1.00
1.00 1.00 1.00 1.00 1.00 1.00 1.00 1.00 1.00 1.00

? ? ? ? ? ? ? ? ? ?
? ? ? ? 1 2 1 3 2 ?
? ? ? 1 ? 1 0 1 ? ?
? ? ? ? 1 1 0 1 ? ?
? ? ? ? 1 0 0 1 ? ?
? ? ? ? 1 0 0 1 ? ?
? 1 1 1 1 0 0 1 1 1
1 1 0 0 0 0 0 0 0 0
0 0 0 0 0 0 1 1 1 0
0 0 0 0 0 0 1 ? 1 0
Risk factors:
1.00 1.00 1.00 0.06 0.18 0.29 0.43 0.43 0.31 0.11
1.00 1.00 0.11 0.14 1.00 1.00 1.00 1.00 1.00 0.11
1.00 1.00 0.09 1.00 1.00 1.00 1.00 1.00 1.00 0.12
1.00 1.00 0.11 0.00 1.00 1.00 1.00 1.00 0.00 1.00
1.00 1.00 1.00 0.00 1.00 1.00 1.00 1.00 0.00 1.00
0.00 0.00 0.00 1.00 1.00 1.00 1.00 1.00 1.00 0.00
1.00 1.00 1.00 1.00 1.00 1.00 1.00 1.00 1.00 1.00
1.00 1.00 1.00 1.00 1.00 1.00 1.00 1.00 1.00 1.00
1.00 1.00 1.00 1.00 1.00 1.00 1.00 1.00 1.00 1.00
1.00 1.00 1.00 1.00 1.00 1.00 1.00 1.00 1.00 1.00

? ? ? ? ? ? ? ? ? ?
? ? ? ? 1 2 1 3 2 ?
? ? ? 1 ? 1 0 1 ? ?
? ? ? 2 1 1 0 1 ? ?
? ? ? ? 1 0 0 1 ? ?
? ? ? ? 1 0 0 1 ? ?
? 1 1 1 1 0 0 1 1 1
1 1 0 0 0 0 0 0 0 0
0 0 0 0 0 0 1 1 1 0
0 0 0 0 0 0 1 ? 1 0
Risk factors:
1.00 1.00 1.00 0.03 0.10 0.15 0.22 0.22 0.16 0.06
1.00 1.00 0.06 0.07 1.00 1.00 1.00 1.00 1.00 0.06
1.00 1.00 0.17 1.00 1.00 1.00 1.00 1.00 1.00 0.06
1.00 1.00 0.17 1.00 1.00 1.00 1.00 1.00 0.00 1.00
1.00 1.00 0.07 0.00 1.00 1.00 1.00 1.00 0.00 1.00
0.00 0.00 0.00 1.00 1.00 1.00 1.00 1.00 1.00 0.00
1.00 1.00 1.00 1.00 1.00 1.00 1.00 1.00 1.00 1.00
1.00 1.00 1.00 1.00 1.00 1.00 1.00 1.00 1.00 1.00
1.00 1.00 1.00 1.00 1.00 1.00 1.00 1.00 1.00 1.00
1.00 1.00 1.00 1.00 1.00 1.00 1.00 1.00 1.00 1.00

? ? ? ? ? ? ? ? ? ?
? ? ? ? 1 2 1 3 2 ?
? ? ? 1 ? 1 0 1 ? ?
? ? ? 2 1 1 0 1 1 ?
? ? ? ? 1 0 0 1 ? ?
? ? ? ? 1 0 0 1 ? ?
? 1 1 1 1 0 0 1 1 1
1 1 0 0 0 0 0 0 0 0
0 0 0 0 0 0 1 1 1 0
0 0 0 0 0 0 1 ? 1 0
Risk factors:
1.00 1.00 1.00 0.03 0.10 0.15 0.22 0.22 0.16 0.06
1.00 1.00 0.06 0.07 1.00 1.00 1.00 1.00 1.00 0.06
1.00 1.00 0.17 1.00 1.00 1.00 1.00 1.00 1.00 0.10
1.00 1.00 0.17 1.00 1.00 1.00 1.00 1.00 1.00 0.03
1.00 1.00 0.07 0.00 1.00 1.00 1.00 1.00 0.00 0.03
0.00 0.00 0.00 1.00 1.00 1.00 1.00 1.00 1.00 0.00
1.00 1.00 1.00 1.00 1.00 1.00 1.00 1.00 1.00 1.00
1.00 1.00 1.00 1.00 1.00 1.00 1.00 1.00 1.00 1.00
1.00 1.00 1.00 1.00 1.00 1.00 1.00 1.00 1.00 1.00
1.00 1.00 1.00 1.00 1.00 1.00 1.00 1.00 1.00 1.00

? ? ? ? ? ? ? ? ? ?
? ? ? ? 1 2 1 3 2 ?
? ? ? 1 ? 1 0 1 ? ?
? ? ? 2 1 1 0 1 1 ?
? ? ? 2 1 0 0 1 ? ?
? ? ? ? 1 0 0 1 ? ?
? 1 1 1 1 0 0 1 1 1
1 1 0 0 0 0 0 0 0 0
0 0 0 0 0 0 1 1 1 0
0 0 0 0 0 0 1 ? 1 0
Risk factors:
1.00 1.00 1.00 0.03 0.10 0.15 0.22 0.22 0.16 0.06
1.00 1.00 0.06 0.07 1.00 1.00 1.00 1.00 1.00 0.06
1.00 1.00 0.00 1.00 1.00 1.00 1.00 1.00 1.00 0.10
1.00 1.00 0.37 1.00 1.00 1.00 1.00 1.00 1.00 0.03
1.00 1.00 0.18 1.00 1.00 1.00 1.00 1.00 0.00 0.03
0.00 0.00 0.00 1.00 1.00 1.00 1.00 1.00 1.00 0.00
1.00 1.00 1.00 1.00 1.00 1.00 1.00 1.00 1.00 1.00
1.00 1.00 1.00 1.00 1.00 1.00 1.00 1.00 1.00 1.00
1.00 1.00 1.00 1.00 1.00 1.00 1.00 1.00 1.00 1.00
1.00 1.00 1.00 1.00 1.00 1.00 1.00 1.00 1.00 1.00

? ? ? ? ? ? ? ? ? ?
? ? ? ? 1 2 1 3 2 ?
? ? 1 1 ? 1 0 1 ? ?
? ? ? 2 1 1 0 1 1 ?
? ? ? 2 1 0 0 1 ? ?
? ? ? ? 1 0 0 1 ? ?
? 1 1 1 1 0 0 1 1 1
1 1 0 0 0 0 0 0 0 0
0 0 0 0 0 0 1 1 1 0
0 0 0 0 0 0 1 ? 1 0
Risk factors:
1.00 1.00 1.00 0.03 0.10 0.15 0.22 0.22 0.16 0.06
1.00 0.07 0.09 0.13 1.00 1.00 1.00 1.00 1.00 0.06
1.00 0.04 1.00 1.00 1.00 1.00 1.00 1.00 1.00 0.10
1.00 0.06 0.33 1.00 1.00 1.00 1.00 1.00 1.00 0.03
1.00 1.00 0.15 1.00 1.00 1.00 1.00 1.00 0.00 0.03
0.00 0.00 0.00 1.00 1.00 1.00 1.00 1.00 1.00 0.00
1.00 1.00 1.00 1.00 1.00 1.00 1.00 1.00 1.00 1.00
1.00 1.00 1.00 1.00 1.00 1.00 1.00 1.00 1.00 1.00
1.00 1.00 1.00 1.00 1.00 1.00 1.00 1.00 1.00 1.00
1.00 1.00 1.00 1.00 1.00 1.00 1.00 1.00 1.00 1.00

? ? ? ? ? ? ? ? ? ?
? ? ? ? 1 2 1 3 2 ?
? ? 1 1 ? 1 0 1 ? ?
? ? ? 2 1 1 0 1 1 ?
? ? ? 2 1 0 0 1 1 ?
? ? ? ? 1 0 0 1 ? ?
? 1 1 1 1 0 0 1 1 1
1 1 0 0 0 0 0 0 0 0
0 0 0 0 0 0 1 1 1 0
0 0 0 0 0 0 1 ? 1 0
Risk factors:
1.00 1.00 1.00 0.03 0.10 0.15 0.22 0.22 0.16 0.06
1.00 0.07 0.09 0.13 1.00 1.00 1.00 1.00 1.00 0.06
1.00 0.04 1.00 1.00 1.00 1.00 1.00 1.00 1.00 0.00
1.00 0.06 0.33 1.00 1.00 1.00 1.00 1.00 1.00 0.06
1.00 1.00 0.15 1.00 1.00 1.00 1.00 1.00 1.00 0.06
0.00 0.00 0.00 1.00 1.00 1.00 1.00 1.00 1.00 0.00
1.00 1.00 1.00 1.00 1.00 1.00 1.00 1.00 1.00 1.00
1.00 1.00 1.00 1.00 1.00 1.00 1.00 1.00 1.00 1.00
1.00 1.00 1.00 1.00 1.00 1.00 1.00 1.00 1.00 1.00
1.00 1.00 1.00 1.00 1.00 1.00 1.00 1.00 1.00 1.00

? ? ? ? ? ? ? ? ? ?
? ? ? ? 1 2 1 3 2 ?
? ? 1 1 ? 1 0 1 ? 1
? ? ? 2 1 1 0 1 1 ?
? ? ? 2 1 0 0 1 1 ?
? ? ? ? 1 0 0 1 ? ?
? 1 1 1 1 0 0 1 1 1
1 1 0 0 0 0 0 0 0 0
0 0 0 0 0 0 1 1 1 0
0 0 0 0 0 0 1 ? 1 0
Risk factors:
1.00 1.00 1.00 0.03 0.10 0.15 0.22 0.22 0.16 0.06
1.00 0.07 0.09 0.13 1.00 1.00 1.00 1.00 1.00 0.10
1.00 0.04 1.00 1.00 1.00 1.00 1.00 1.00 1.00 1.00
1.00 0.06 0.33 1.00 1.00 1.00 1.00 1.00 1.00 0.11
1.00 1.00 0.15 1.00 1.00 1.00 1.00 1.00 1.00 0.06
0.00 0.00 0.00 1.00 1.00 1.00 1.00 1.00 1.00 0.00
1.00 1.00 1.00 1.00 1.00 1.00 1.00 1.00 1.00 1.00
1.00 1.00 1.00 1.00 1.00 1.00 1.00 1.00 1.00 1.00
1.00 1.00 1.00 1.00 1.00 1.00 1.00 1.00 1.00 1.00
1.00 1.00 1.00 1.00 1.00 1.00 1.00 1.00 1.00 1.00

? ? ? ? ? ? ? ? ? ?
? ? ? ? 1 2 1 3 2 ?
? ? 1 1 ? 1 0 1 ? 1
? ? ? 2 1 1 0 1 1 ?
? ? ? 2 1 0 0 1 1 ?
1 ? ? ? 1 0 0 1 ? ?
? 1 1 1 1 0 0 1 1 1
1 1 0 0 0 0 0 0 0 0
0 0 0 0 0 0 1 1 1 0
0 0 0 0 0 0 1 ? 1 0
Risk factors:
1.00 1.00 1.00 0.03 0.10 0.15 0.22 0.22 0.16 0.06
1.00 0.07 0.09 0.13 1.00 1.00 1.00 1.00 1.00 0.10
1.00 0.04 1.00 1.00 1.00 1.00 1.00 1.00 1.00 1.00
1.00 0.04 0.27 1.00 1.00 1.00 1.00 1.00 1.00 0.11
0.03 0.03 0.13 1.00 1.00 1.00 1.00 1.00 1.00 0.06
1.00 0.00 0.00 1.00 1.00 1.00 1.00 1.00 1.00 0.00
1.00 1.00 1.00 1.00 1.00 1.00 1.00 1.00 1.00 1.00
1.00 1.00 1.00 1.00 1.00 1.00 1.00 1.00 1.00 1.00
1.00 1.00 1.00 1.00 1.00 1.00 1.00 1.00 1.00 1.00
1.00 1.00 1.00 1.00 1.00 1.00 1.00 1.00 1.00 1.00

? ? ? ? ? ? ? ? ? ?
? ? ? ? 1 2 1 3 2 ?
? ? 1 1 ? 1 0 1 ? 1
? ? ? 2 1 1 0 1 1 ?
? ? ? 2 1 0 0 1 1 ?
1 2 ? ? 1 0 0 1 ? ?
? 1 1 1 1 0 0 1 1 1
1 1 0 0 0 0 0 0 0 0
0 0 0 0 0 0 1 1 1 0
0 0 0 0 0 0 1 ? 1 0
Risk factors:
1.00 1.00 1.00 0.03 0.10 0.15 0.22 0.22 0.16 0.06
1.00 0.07 0.09 0.13 1.00 1.00 1.00 1.00 1.00 0.10
1.00 0.04 1.00 1.00 1.00 1.00 1.00 1.00 1.00 1.00
1.00 0.04 0.00 1.00 1.00 1.00 1.00 1.00 1.00 0.11
0.11 0.11 1.00 1.00 1.00 1.00 1.00 1.00 1.00 0.06
1.00 1.00 0.00 1.00 1.00 1.00 1.00 1.00 1.00 0.00
1.00 1.00 1.00 1.00 1.00 1.00 1.00 1.00 1.00 1.00
1.00 1.00 1.00 1.00 1.00 1.00 1.00 1.00 1.00 1.00
1.00 1.00 1.00 1.00 1.00 1.00 1.00 1.00 1.00 1.00
1.00 1.00 1.00 1.00 1.00 1.00 1.00 1.00 1.00 1.00

? ? ? ? ? ? ? ? ? ?
? ? ? ? 1 2 1 3 2 ?
? ? 1 1 ? 1 0 1 ? 1
? ? 2 2 1 1 0 1 1 ?
? ? ? 2 1 0 0 1 1 ?
1 2 ? ? 1 0 0 1 ? ?
? 1 1 1 1 0 0 1 1 1
1 1 0 0 0 0 0 0 0 0
0 0 0 0 0 0 1 1 1 0
0 0 0 0 0 0 1 ? 1 0
Risk factors:
1.00 1.00 1.00 0.03 0.10 0.15 0.22 0.22 0.16 0.06
1.00 0.07 0.09 0.13 1.00 1.00 1.00 1.00 1.00 0.10
1.00 0.17 1.00 1.00 1.00 1.00 1.00 1.00 1.00 1.00
1.00 0.13 1.00 1.00 1.00 1.00 1.00 1.00 1.00 0.11
0.11 0.22 1.00 1.00 1.00 1.00 1.00 1.00 1.00 0.06
1.00 1.00 0.00 1.00 1.00 1.00 1.00 1.00 1.00 0.00
1.00 1.00 1.00 1.00 1.00 1.00 1.00 1.00 1.00 1.00
1.00 1.00 1.00 1.00 1.00 1.00 1.00 1.00 1.00 1.00
1.00 1.00 1.00 1.00 1.00 1.00 1.00 1.00 1.00 1.00
1.00 1.00 1.00 1.00 1.00 1.00 1.00 1.00 1.00 1.00

? ? ? ? ? ? ? ? ? ?
? ? ? ? 1 2 1 3 2 ?
? ? 1 1 ? 1 0 1 ? 1
? ? 2 2 1 1 0 1 1 ?
? ? ? 2 1 0 0 1 1 ?
1 2 2 ? 1 0 0 1 ? ?
? 1 1 1 1 0 0 1 1 1
1 1 0 0 0 0 0 0 0 0
0 0 0 0 0 0 1 1 1 0
0 0 0 0 0 0 1 ? 1 0
Risk factors:
1.00 1.00 1.00 0.03 0.10 0.15 0.22 0.22 0.16 0.06
1.00 0.00 0.09 0.13 1.00 1.00 1.00 1.00 1.00 0.10
1.00 0.17 1.00 1.00 1.00 1.00 1.00 1.00 1.00 1.00
1.00 0.13 1.00 1.00 1.00 1.00 1.00 1.00 1.00 0.11
0.00 0.00 1.00 1.00 1.00 1.00 1.00 1.00 1.00 0.06
1.00 1.00 1.00 1.00 1.00 1.00 1.00 1.00 1.00 0.00
1.00 1.00 1.00 1.00 1.00 1.00 1.00 1.00 1.00 1.00
1.00 1.00 1.00 1.00 1.00 1.00 1.00 1.00 1.00 1.00
1.00 1.00 1.00 1.00 1.00 1.00 1.00 1.00 1.00 1.00
1.00 1.00 1.00 1.00 1.00 1.00 1.00 1.00 1.00 1.00

? ? ? ? ? ? ? ? ? ?
? 1 ? ? 1 2 1 3 2 ?
? ? 1 1 ? 1 0 1 ? 1
? ? 2 2 1 1 0 1 1 ?
? ? ? 2 1 0 0 1 1 ?
1 2 2 ? 1 0 0 1 ? ?
? 1 1 1 1 0 0 1 1 1
1 1 0 0 0 0 0 0 0 0
0 0 0 0 0 0 1 1 1 0
0 0 0 0 0 0 1 ? 1 0
Risk factors:
0.03 0.03 0.03 0.03 0.10 0.15 0.22 0.22 0.16 0.06
0.03 1.00 0.11 0.11 1.00 1.00 1.00 1.00 1.00 0.10
0.03 0.18 1.00 1.00 1.00 1.00 1.00 1.00 1.00 1.00
1.00 0.11 1.00 1.00 1.00 1.00 1.00 1.00 1.00 0.11
0.00 0.00 1.00 1.00 1.00 1.00 1.00 1.00 1.00 0.06
1.00 1.00 1.00 1.00 1.00 1.00 1.00 1.00 1.00 0.00
1.00 1.00 1.00 1.00 1.00 1.00 1.00 1.00 1.00 1.00
1.00 1.00 1.00 1.00 1.00 1.00 1.00 1.00 1.00 1.00
1.00 1.00 1.00 1.00 1.00 1.00 1.00 1.00 1.00 1.00
1.00 1.00 1.00 1.00 1.00 1.00 1.00 1.00 1.00 1.00

? ? ? ? ? ? ? ? ? ?
? 1 ? ? 1 2 1 3 2 ?
? ? 1 1 ? 1 0 1 ? 1
1 2 2 2 1 1 0 1 1 ?
0 1 ? 2 1 0 0 1 1 ?
1 2 2 ? 1 0 0 1 ? ?
? 1 1 1 1 0 0 1 1 1
1 1 0 0 0 0 0 0 0 0
0 0 0 0 0 0 1 1 1 0
0 0 0 0 0 0 1 ? 1 0
Risk factors:
0.00 0.00 0.00 0.00 0.05 0.08 0.14 0.14 0.09 0.02
0.00 1.00 0.06 0.06 1.00 1.00 1.00 1.00 1.00 0.05
0.00 1.00 1.00 1.00 1.00 1.00 1.00 1.00 1.00 1.00
1.00 1.00 1.00 1.00 1.00 1.00 1.00 1.00 1.00 0.06
1.00 1.00 1.00 1.00 1.00 1.00 1.00 1.00 1.00 0.03
1.00 1.00 1.00 1.00 1.00 1.00 1.00 1.00 1.00 0.00
1.00 1.00 1.00 1.00 1.00 1.00 1.00 1.00 1.00 1.00
1.00 1.00 1.00 1.00 1.00 1.00 1.00 1.00 1.00 1.00
1.00 1.00 1.00 1.00 1.00 1.00 1.00 1.00 1.00 1.00
1.00 1.00 1.00 1.00 1.00 1.00 1.00 1.00 1.00 1.00

? ? ? ? ? ? ? ? ? ?
? 1 ? ? 1 2 1 3 2 ?
1 ? 1 1 ? 1 0 1 ? 1
1 2 2 2 1 1 0 1 1 ?
0 1 ? 2 1 0 0 1 1 ?
1 2 2 ? 1 0 0 1 ? ?
? 1 1 1 1 0 0 1 1 1
1 1 0 0 0 0 0 0 0 0
0 0 0 0 0 0 1 1 1 0
0 0 0 0 0 0 1 ? 1 0
Risk factors:
0.00 0.00 0.00 0.00 0.05 0.08 0.14 0.14 0.09 0.02
0.00 1.00 0.06 0.06 1.00 1.00 1.00 1.00 1.00 0.05
1.00 1.00 1.00 1.00 1.00 1.00 1.00 1.00 1.00 1.00
1.00 1.00 1.00 1.00 1.00 1.00 1.00 1.00 1.00 0.06
1.00 1.00 1.00 1.00 1.00 1.00 1.00 1.00 1.00 0.03
1.00 1.00 1.00 1.00 1.00 1.00 1.00 1.00 1.00 0.00
1.00 1.00 1.00 1.00 1.00 1.00 1.00 1.00 1.00 1.00
1.00 1.00 1.00 1.00 1.00 1.00 1.00 1.00 1.00 1.00
1.00 1.00 1.00 1.00 1.00 1.00 1.00 1.00 1.00 1.00
1.00 1.00 1.00 1.00 1.00 1.00 1.00 1.00 1.00 1.00

? ? ? ? ? ? ? ? ? ?
1 1 ? ? 1 2 1 3 2 ?
1 ? 1 1 ? 1 0 1 ? 1
1 2 2 2 1 1 0 1 1 ?
0 1 ? 2 1 0 0 1 1 ?
1 2 2 ? 1 0 0 1 ? ?
? 1 1 1 1 0 0 1 1 1
1 1 0 0 0 0 0 0 0 0
0 0 0 0 0 0 1 1 1 0
0 0 0 0 0 0 1 ? 1 0
Risk factors:
0.03 0.03 0.00 0.00 0.05 0.08 0.14 0.14 0.09 0.02
1.00 1.00 0.06 0.06 1.00 1.00 1.00 1.00 1.00 0.05
1.00 1.00 1.00 1.00 1.00 1.00 1.00 1.00 1.00 1.00
1.00 1.00 1.00 1.00 1.00 1.00 1.00 1.00 1.00 0.06
1.00 1.00 1.00 1.00 1.00 1.00 1.00 1.00 1.00 0.03
1.00 1.00 1.00 1.00 1.00 1.00 1.00 1.00 1.00 0.00
1.00 1.00 1.00 1.00 1.00 1.00 1.00 1.00 1.00 1.00
1.00 1.00 1.00 1.00 1.00 1.00 1.00 1.00 1.00 1.00
1.00 1.00 1.00 1.00 1.00 1.00 1.00 1.00 1.00 1.00
1.00 1.00 1.00 1.00 1.00 1.00 1.00 1.00 1.00 1.00

? ? ? ? ? ? ? ? ? ?
1 1 ? ? 1 2 1 3 2 ?
1 ? 1 1 ? 1 0 1 ? 1
1 2 2 2 1 1 0 1 1 ?
0 1 ? 2 1 0 0 1 1 ?
1 2 2 ? 1 0 0 1 ? 1
? 1 1 1 1 0 0 1 1 1
1 1 0 0 0 0 0 0 0 0
0 0 0 0 0 0 1 1 1 0
0 0 0 0 0 0 1 ? 1 0
Risk factors:
0.03 0.03 0.00 0.00 0.05 0.08 0.14 0.14 0.09 0.02
1.00 1.00 0.06 0.06 1.00 1.00 1.00 1.00 1.00 0.00
1.00 1.00 1.00 1.00 1.00 1.00 1.00 1.00 1.00 1.00
1.00 1.00 1.00 1.00 1.00 1.00 1.00 1.00 1.00 0.00
1.00 1.00 1.00 1.00 1.00 1.00 1.00 1.00 1.00 0.00
1.00 1.00 1.00 1.00 1.00 1.00 1.00 1.00 1.00 1.00
1.00 1.00 1.00 1.00 1.00 1.00 1.00 1.00 1.00 1.00
1.00 1.00 1.00 1.00 1.00 1.00 1.00 1.00 1.00 1.00
1.00 1.00 1.00 1.00 1.00 1.00 1.00 1.00 1.00 1.00
1.00 1.00 1.00 1.00 1.00 1.00 1.00 1.00 1.00 1.00

? ? ? ? ? ? ? ? ? ?
1 1 ? ? 1 2 1 3 2 2
1 ? 1 1 ? 1 0 1 ? 1
1 2 2 2 1 1 0 1 1 ?
0 1 ? 2 1 0 0 1 1 ?
1 2 2 ? 1 0 0 1 ? 1
? 1 1 1 1 0 0 1 1 1
1 1 0 0 0 0 0 0 0 0
0 0 0 0 0 0 1 1 1 0
0 0 0 0 0 0 1 ? 1 0
Risk factors:
0.03 0.03 0.00 0.00 0.00 0.08 0.14 0.00 0.16 0.07
1.00 1.00 0.06 0.06 1.00 1.00 1.00 1.00 1.00 1.00
1.00 1.00 1.00 1.00 1.00 1.00 1.00 1.00 1.00 1.00
1.00 1.00 1.00 1.00 1.00 1.00 1.00 1.00 1.00 0.00
1.00 1.00 1.00 1.00 1.00 1.00 1.00 1.00 1.00 0.00
1.00 1.00 1.00 1.00 1.00 1.00 1.00 1.00 1.00 1.00
1.00 1.00 1.00 1.00 1.00 1.00 1.00 1.00 1.00 1.00
1.00 1.00 1.00 1.00 1.00 1.00 1.00 1.00 1.00 1.00
1.00 1.00 1.00 1.00 1.00 1.00 1.00 1.00 1.00 1.00
1.00 1.00 1.00 1.00 1.00 1.00 1.00 1.00 1.00 1.00

0 0 0 0 0 1 ? ? ? ?
1 1 1 1 1 2 1 3 2 2
1 ? 1 1 ? 1 0 1 ? 1
1 2 2 2 1 1 0 1 1 ?
0 1 ? 2 1 0 0 1 1 ?
1 2 2 ? 1 0 0 1 ? 1
? 1 1 1 1 0 0 1 1 1
1 1 0 0 0 0 0 0 0 0
0 0 0 0 0 0 1 1 1 0
0 0 0 0 0 0 1 ? 1 0
Risk factors:
1.00 1.00 1.00 1.00 1.00 1.00 1.00 0.00 1.00 0.00
1.00 1.00 1.00 1.00 1.00 1.00 1.00 1.00 1.00 1.00
1.00 1.00 1.00 1.00 1.00 1.00 1.00 1.00 1.00 1.00
1.00 1.00 1.00 1.00 1.00 1.00 1.00 1.00 1.00 0.00
1.00 1.00 1.00 1.00 1.00 1.00 1.00 1.00 1.00 0.00
1.00 1.00 1.00 1.00 1.00 1.00 1.00 1.00 1.00 1.00
1.00 1.00 1.00 1.00 1.00 1.00 1.00 1.00 1.00 1.00
1.00 1.00 1.00 1.00 1.00 1.00 1.00 1.00 1.00 1.00
1.00 1.00 1.00 1.00 1.00 1.00 1.00 1.00 1.00 1.00
1.00 1.00 1.00 1.00 1.00 1.00 1.00 1.00 1.00 1.00

0 0 0 0 0 1 ? 2 ? ?
1 1 1 1 1 2 1 3 2 2
1 ? 1 1 ? 1 0 1 ? 1
1 2 2 2 1 1 0 1 1 ?
0 1 ? 2 1 0 0 1 1 ?
1 2 2 ? 1 0 0 1 ? 1
? 1 1 1 1 0 0 1 1 1
1 1 0 0 0 0 0 0 0 0
0 0 0 0 0 0 1 1 1 0
0 0 0 0 0 0 1 ? 1 0
Risk factors:
1.00 1.00 1.00 1.00 1.00 1.00 1.00 1.00 1.00 0.00
1.00 1.00 1.00 1.00 1.00 1.00 1.00 1.00 1.00 1.00
1.00 1.00 1.00 1.00 1.00 1.00 1.00 1.00 1.00 1.00
1.00 1.00 1.00 1.00 1.00 1.00 1.00 1.00 1.00 0.00
1.00 1.00 1.00 1.00 1.00 1.00 1.00 1.00 1.00 0.00
1.00 1.00 1.00 1.00 1.00 1.00 1.00 1.00 1.00 1.00
1.00 1.00 1.00 1.00 1.00 1.00 1.00 1.00 1.00 1.00
1.00 1.00 1.00 1.00 1.00 1.00 1.00 1.00 1.00 1.00
1.00 1.00 1.00 1.00 1.00 1.00 1.00 1.00 1.00 1.00
1.00 1.00 1.00 1.00 1.00 1.00 1.00 1.00 1.00 1.00

0 0 0 0 0 1 ? 2 ? 1
1 1 1 1 1 2 1 3 2 2
1 ? 1 1 ? 1 0 1 ? 1
1 2 2 2 1 1 0 1 1 ?
0 1 ? 2 1 0 0 1 1 ?
1 2 2 ? 1 0 0 1 ? 1
? 1 1 1 1 0 0 1 1 1
1 1 0 0 0 0 0 0 0 0
0 0 0 0 0 0 1 1 1 0
0 0 0 0 0 0 1 ? 1 0
Risk factors:
1.00 1.00 1.00 1.00 1.00 1.00 1.00 1.00 1.00 1.00
1.00 1.00 1.00 1.00 1.00 1.00 1.00 1.00 1.00 1.00
1.00 1.00 1.00 1.00 1.00 1.00 1.00 1.00 1.00 1.00
1.00 1.00 1.00 1.00 1.00 1.00 1.00 1.00 1.00 0.00
1.00 1.00 1.00 1.00 1.00 1.00 1.00 1.00 1.00 0.00
1.00 1.00 1.00 1.00 1.00 1.00 1.00 1.00 1.00 1.00
1.00 1.00 1.00 1.00 1.00 1.00 1.00 1.00 1.00 1.00
1.00 1.00 1.00 1.00 1.00 1.00 1.00 1.00 1.00 1.00
1.00 1.00 1.00 1.00 1.00 1.00 1.00 1.00 1.00 1.00
1.00 1.00 1.00 1.00 1.00 1.00 1.00 1.00 1.00 1.00

0 0 0 0 0 1 ? 2 ? 1
1 1 1 1 1 2 1 3 2 2
1 ? 1 1 ? 1 0 1 ? 1
1 2 2 2 1 1 0 1 1 1
0 1 ? 2 1 0 0 1 1 ?
1 2 2 ? 1 0 0 1 ? 1
? 1 1 1 1 0 0 1 1 1
1 1 0 0 0 0 0 0 0 0
0 0 0 0 0 0 1 1 1 0
0 0 0 0 0 0 1 ? 1 0
Risk factors:
1.00 1.00 1.00 1.00 1.00 1.00 1.00 1.00 1.00 1.00
1.00 1.00 1.00 1.00 1.00 1.00 1.00 1.00 1.00 1.00
1.00 1.00 1.00 1.00 1.00 1.00 1.00 1.00 1.00 1.00
1.00 1.00 1.00 1.00 1.00 1.00 1.00 1.00 1.00 1.00
1.00 1.00 1.00 1.00 1.00 1.00 1.00 1.00 1.00 0.00
1.00 1.00 1.00 1.00 1.00 1.00 1.00 1.00 1.00 1.00
1.00 1.00 1.00 1.00 1.00 1.00 1.00 1.00 1.00 1.00
1.00 1.00 1.00 1.00 1.00 1.00 1.00 1.00 1.00 1.00
1.00 1.00 1.00 1.00 1.00 1.00 1.00 1.00 1.00 1.00
1.00 1.00 1.00 1.00 1.00 1.00 1.00 1.00 1.00 1.00

0 0 1 ? ? ? ? ? ? ?
0 1 2 ? ? ? ? ? ? ?
0 1 ? ? ? ? ? ? ? ?
0 1 ? ? ? ? ? ? ? ?
0 1 ? ? ? ? ? ? ? ?
0 1 ? ? ? ? ? ? ? ?
0 2 ? ? ? ? ? ? ? ?
0 1 ? ? ? ? ? ? ? ?
0 1 1 1 1 ? ? ? ? ?
0 0 0 0 1 ? ? ? ? ?
Risk factors:
1.00 1.00 1.00 0.30 1.00 1.00 1.00 1.00 1.00 1.00
1.00 1.00 1.00 0.38 1.00 1.00 1.00 1.00 1.00 1.00
1.00 1.00 1.00 0.00 1.00 1.00 1.00 1.00 1.00 1.00
1.00 1.00 0.00 1.00 1.00 1.00 1.00 1.00 1.00 1.00
1.00 1.00 0.00 1.00 1.00 1.00 1.00 1.00 1.00 1.00
1.00 1.00 1.00 1.00 1.00 1.00 1.00 1.00 1.00 1.00
1.00 1.00 0.00 1.00 1.00 1.00 1.00 1.00 1.00 1.00
1.00 1.00 1.00 0.00 0.00 0.00 1.00 1.00 1.00 1.00
1.00 1.00 1.00 1.00 1.00 0.25 1.00 1.00 1.00 1.00
1.00 1.00 1.00 1.00 1.00 0.20 1.00 1.00 1.00 1.00

0 0 1 ? ? ? ? ? ? ?
0 1 2 ? ? ? ? ? ? ?
0 1 ? 1 ? ? ? ? ? ?
0 1 ? ? ? ? ? ? ? ?
0 1 ? ? ? ? ? ? ? ?
0 1 ? ? ? ? ? ? ? ?
0 2 ? ? ? ? ? ? ? ?
0 1 ? ? ? ? ? ? ? ?
0 1 1 1 1 ? ? ? ? ?
0 0 0 0 1 ? ? ? ? ?
Risk factors:
1.00 1.00 1.00 0.25 1.00 1.00 1.00 1.00 1.00 1.00
1.00 1.00 1.00 0.40 0.12 1.00 1.00 1.00 1.00 1.00
1.00 1.00 1.00 1.00 0.10 1.00 1.00 1.00 1.00 1.00
1.00 1.00 0.00 0.08 0.17 1.00 1.00 1.00 1.00 1.00
1.00 1.00 0.00 1.00 1.00 1.00 1.00 1.00 1.00 1.00
1.00 1.00 1.00 1.00 1.00 1.00 1.00 1.00 1.00 1.00
1.00 1.00 0.00 1.00 1.00 1.00 1.00 1.00 1.00 1.00
1.00 1.00 1.00 0.00 0.00 0.00 1.00 1.00 1.00 1.00
1.00 1.00 1.00 1.00 1.00 0.25 1.00 1.00 1.00 1.00
1.00 1.00 1.00 1.00 1.00 0.20 1.00 1.00 1.00 1.00

0 0 1 ? ? ? ? ? ? ?
0 1 2 ? ? ? ? ? ? ?
0 1 ? 1 ? ? ? ? ? ?
0 1 1 ? ? ? ? ? ? ?
0 1 ? ? ? ? ? ? ? ?
0 1 ? ? ? ? ? ? ? ?
0 2 ? ? ? ? ? ? ? ?
0 1 ? ? ? ? ? ? ? ?
0 1 1 1 1 ? ? ? ? ?
0 0 0 0 1 ? ? ? ? ?
Risk factors:
1.00 1.00 1.00 0.21 1.00 1.00 1.00 1.00 1.00 1.00
1.00 1.00 1.00 0.34 0.11 1.00 1.00 1.00 1.00 1.00
1.00 1.00 1.00 1.00 0.09 1.00 1.00 1.00 1.00 1.00
1.00 1.00 1.00 0.14 0.11 1.00 1.00 1.00 1.00 1.00
1.00 1.00 0.00 0.09 1.00 1.00 1.00 1.00 1.00 1.00
1.00 1.00 1.00 1.00 1.00 1.00 1.00 1.00 1.00 1.00
1.00 1.00 0.00 1.00 1.00 1.00 1.00 1.00 1.00 1.00
1.00 1.00 1.00 0.00 0.00 0.00 1.00 1.00 1.00 1.00
1.00 1.00 1.00 1.00 1.00 0.21 1.00 1.00 1.00 1.00
1.00 1.00 1.00 1.00 1.00 0.17 1.00 1.00 1.00 1.00

0 0 1 ? ? ? ? ? ? ?
0 1 2 ? ? ? ? ? ? ?
0 1 ? 1 ? ? ? ? ? ?
0 1 1 ? ? ? ? ? ? ?
0 1 1 ? ? ? ? ? ? ?
0 1 ? ? ? ? ? ? ? ?
0 2 ? ? ? ? ? ? ? ?
0 1 ? ? ? ? ? ? ? ?
0 1 1 1 1 ? ? ? ? ?
0 0 0 0 1 ? ? ? ? ?
Risk factors:
1.00 1.00 1.00 0.21 1.00 1.00 1.00 1.00 1.00 1.00
1.00 1.00 1.00 0.34 0.11 1.00 1.00 1.00 1.00 1.00
1.00 1.00 1.00 1.00 0.09 1.00 1.00 1.00 1.00 1.00
1.00 1.00 1.00 0.26 0.11 1.00 1.00 1.00 1.00 1.00
1.00 1.00 1.00 0.17 1.00 1.00 1.00 1.00 1.00 1.00
1.00 1.00 1.00 0.00 1.00 1.00 1.00 1.00 1.00 1.00
1.00 1.00 0.00 1.00 1.00 1.00 1.00 1.00 1.00 1.00
1.00 1.00 1.00 0.00 0.00 0.00 1.00 1.00 1.00 1.00
1.00 1.00 1.00 1.00 1.00 0.21 1.00 1.00 1.00 1.00
1.00 1.00 1.00 1.00 1.00 0.17 1.00 1.00 1.00 1.00

0 0 1 ? ? ? ? ? ? ?
0 1 2 ? ? ? ? ? ? ?
0 1 ? 1 ? ? ? ? ? ?
0 1 1 ? ? ? ? ? ? ?
0 1 1 ? ? ? ? ? ? ?
0 1 ? 2 ? ? ? ? ? ?
0 2 ? ? ? ? ? ? ? ?
0 1 ? ? ? ? ? ? ? ?
0 1 1 1 1 ? ? ? ? ?
0 0 0 0 1 ? ? ? ? ?
Risk factors:
1.00 1.00 1.00 0.21 1.00 1.00 1.00 1.00 1.00 1.00
1.00 1.00 1.00 0.34 0.11 1.00 1.00 1.00 1.00 1.00
1.00 1.00 1.00 1.00 0.09 1.00 1.00 1.00 1.00 1.00
1.00 1.00 1.00 0.21 0.09 1.00 1.00 1.00 1.00 1.00
1.00 1.00 1.00 0.29 0.17 1.00 1.00 1.00 1.00 1.00
1.00 1.00 1.00 1.00 0.17 1.00 1.00 1.00 1.00 1.00
1.00 1.00 0.00 0.11 0.14 1.00 1.00 1.00 1.00 1.00
1.00 1.00 1.00 0.00 0.00 0.00 1.00 1.00 1.00 1.00
1.00 1.00 1.00 1.00 1.00 0.21 1.00 1.00 1.00 1.00
1.00 1.00 1.00 1.00 1.00 0.17 1.00 1.00 1.00 1.00

0 0 1 ? ? ? ? ? ? ?
0 1 2 ? ? ? ? ? ? ?
0 1 ? 1 ? ? ? ? ? ?
0 1 1 ? ? ? ? ? ? ?
0 1 1 ? ? ? ? ? ? ?
0 1 ? 2 ? ? ? ? ? ?
0 2 2 ? ? ? ? ? ? ?
0 1 ? ? ? ? ? ? ? ?
0 1 1 1 1 ? ? ? ? ?
0 0 0 0 1 ? ? ? ? ?
Risk factors:
1.00 1.00 1.00 0.17 1.00 1.00 1.00 1.00 1.00 1.00
1.00 1.00 1.00 0.27 0.08 1.00 1.00 1.00 1.00 1.00
1.00 1.00 1.00 1.00 0.07 1.00 1.00 1.00 1.00 1.00
1.00 1.00 1.00 0.17 0.07 1.00 1.00 1.00 1.00 1.00
1.00 1.00 1.00 0.22 0.13 1.00 1.00 1.00 1.00 1.00
1.00 1.00 1.00 1.00 0.13 1.00 1.00 1.00 1.00 1.00
1.00 1.00 1.00 0.00 0.11 1.00 1.00 1.00 1.00 1.00
1.00 1.00 1.00 0.00 0.00 0.00 1.00 1.00 1.00 1.00
1.00 1.00 1.00 1.00 1.00 0.17 1.00 1.00 1.00 1.00
1.00 1.00 1.00 1.00 1.00 0.13 1.00 1.00 1.00 1.00

0 0 1 ? ? ? ? ? ? ?
0 1 2 ? ? ? ? ? ? ?
0 1 ? 1 ? ? ? ? ? ?
0 1 1 ? ? ? ? ? ? ?
0 1 1 ? ? ? ? ? ? ?
0 1 ? 2 ? ? ? ? ? ?
0 2 2 3 ? ? ? ? ? ?
0 1 ? ? ? ? ? ? ? ?
0 1 1 1 1 ? ? ? ? ?
0 0 0 0 1 ? ? ? ? ?
Risk factors:
1.00 1.00 1.00 0.08 1.00 1.00 1.00 1.00 1.00 1.00
1.00 1.00 1.00 0.13 0.04 1.00 1.00 1.00 1.00 1.00
1.00 1.00 1.00 1.00 0.03 1.00 1.00 1.00 1.00 1.00
1.00 1.00 1.00 0.08 0.03 1.00 1.00 1.00 1.00 1.00
1.00 1.00 1.00 0.11 0.07 1.00 1.00 1.00 1.00 1.00
1.00 1.00 1.00 1.00 0.21 1.00 1.00 1.00 1.00 1.00
1.00 1.00 1.00 1.00 0.17 1.00 1.00 1.00 1.00 1.00
1.00 1.00 1.00 0.00 0.00 0.00 1.00 1.00 1.00 1.00
1.00 1.00 1.00 1.00 1.00 0.08 1.00 1.00 1.00 1.00
1.00 1.00 1.00 1.00 1.00 0.07 1.00 1.00 1.00 1.00

0 0 1 ? ? ? ? ? ? ?
0 1 2 ? ? ? ? ? ? ?
0 1 ? 1 ? ? ? ? ? ?
0 1 1 ? ? ? ? ? ? ?
0 1 1 ? ? ? ? ? ? ?
0 1 ? 2 ? ? ? ? ? ?
0 2 2 3 ? ? ? ? ? ?
0 1 ? 2 ? ? ? ? ? ?
0 1 1 1 1 ? ? ? ? ?
0 0 0 0 1 ? ? ? ? ?
Risk factors:
1.00 1.00 1.00 0.04 1.00 1.00 1.00 1.00 1.00 1.00
1.00 1.00 1.00 0.06 0.02 1.00 1.00 1.00 1.00 1.00
1.00 1.00 1.00 1.00 0.02 1.00 1.00 1.00 1.00 1.00
1.00 1.00 1.00 0.04 0.02 1.00 1.00 1.00 1.00 1.00
1.00 1.00 1.00 0.05 0.03 1.00 1.00 1.00 1.00 1.00
1.00 1.00 1.00 1.00 0.00 1.00 1.00 1.00 1.00 1.00
1.00 1.00 1.00 1.00 1.00 1.00 1.00 1.00 1.00 1.00
1.00 1.00 1.00 1.00 0.00 0.00 1.00 1.00 1.00 1.00
1.00 1.00 1.00 1.00 1.00 0.04 1.00 1.00 1.00 1.00
1.00 1.00 1.00 1.00 1.00 0.03 1.00 1.00 1.00 1.00

0 0 1 ? ? ? ? ? ? ?
0 1 2 ? ? ? ? ? ? ?
0 1 ? 1 ? ? ? ? ? ?
0 1 1 ? ? ? ? ? ? ?
0 1 1 ? ? ? ? ? ? ?
0 1 ? 2 1 ? ? ? ? ?
0 2 2 3 ? ? ? ? ? ?
0 1 ? 2 ? ? ? ? ? ?
0 1 1 1 1 ? ? ? ? ?
0 0 0 0 1 ? ? ? ? ?
Risk factors:
1.00 1.00 1.00 0.04 1.00 1.00 1.00 1.00 1.00 1.00
1.00 1.00 1.00 0.06 0.02 1.00 1.00 1.00 1.00 1.00
1.00 1.00 1.00 1.00 0.02 1.00 1.00 1.00 1.00 1.00
1.00 1.00 1.00 0.04 0.01 1.00 1.00 1.00 1.00 1.00
1.00 1.00 1.00 0.08 0.04 0.02 1.00 1.00 1.00 1.00
1.00 1.00 1.00 1.00 1.00 0.02 1.00 1.00 1.00 1.00
1.00 1.00 1.00 1.00 1.00 0.02 1.00 1.00 1.00 1.00
1.00 1.00 1.00 1.00 0.00 0.00 1.00 1.00 1.00 1.00
1.00 1.00 1.00 1.00 1.00 0.04 1.00 1.00 1.00 1.00
1.00 1.00 1.00 1.00 1.00 0.03 1.00 1.00 1.00 1.00

0 0 1 ? ? ? ? ? ? ?
0 1 2 ? ? ? ? ? ? ?
0 1 ? 1 ? ? ? ? ? ?
0 1 1 ? ? ? ? ? ? ?
0 1 1 ? ? ? ? ? ? ?
0 1 ? 2 1 ? ? ? ? ?
0 2 2 3 ? ? ? ? ? ?
0 1 ? 2 1 ? ? ? ? ?
0 1 1 1 1 ? ? ? ? ?
0 0 0 0 1 ? ? ? ? ?
Risk factors:
1.00 1.00 1.00 0.04 1.00 1.00 1.00 1.00 1.00 1.00
1.00 1.00 1.00 0.06 0.02 1.00 1.00 1.00 1.00 1.00
1.00 1.00 1.00 1.00 0.02 1.00 1.00 1.00 1.00 1.00
1.00 1.00 1.00 0.04 0.01 1.00 1.00 1.00 1.00 1.00
1.00 1.00 1.00 0.08 0.04 0.02 1.00 1.00 1.00 1.00
1.00 1.00 1.00 1.00 1.00 0.02 1.00 1.00 1.00 1.00
1.00 1.00 1.00 1.00 1.00 0.04 1.00 1.00 1.00 1.00
1.00 1.00 1.00 1.00 1.00 0.00 1.00 1.00 1.00 1.00
1.00 1.00 1.00 1.00 1.00 0.08 1.00 1.00 1.00 1.00
1.00 1.00 1.00 1.00 1.00 0.03 1.00 1.00 1.00 1.00

0 0 1 ? ? ? ? ? ? ?
0 1 2 ? ? ? ? ? ? ?
0 1 ? 1 ? ? ? ? ? ?
0 1 1 ? ? ? ? ? ? ?
0 1 1 ? ? ? ? ? ? ?
0 1 ? 2 1 ? ? ? ? ?
0 2 2 3 ? ? ? ? ? ?
0 1 ? 2 1 1 ? ? ? ?
0 1 1 1 1 ? ? ? ? ?
0 0 0 0 1 ? ? ? ? ?
Risk factors:
1.00 1.00 1.00 0.04 1.00 1.00 1.00 1.00 1.00 1.00
1.00 1.00 1.00 0.06 0.02 1.00 1.00 1.00 1.00 1.00
1.00 1.00 1.00 1.00 0.02 1.00 1.00 1.00 1.00 1.00
1.00 1.00 1.00 0.04 0.01 1.00 1.00 1.00 1.00 1.00
1.00 1.00 1.00 0.08 0.04 0.02 1.00 1.00 1.00 1.00
1.00 1.00 1.00 1.00 1.00 0.01 1.00 1.00 1.00 1.00
1.00 1.00 1.00 1.00 1.00 0.05 0.02 1.00 1.00 1.00
1.00 1.00 1.00 1.00 1.00 1.00 0.02 1.00 1.00 1.00
1.00 1.00 1.00 1.00 1.00 0.08 0.02 1.00 1.00 1.00
1.00 1.00 1.00 1.00 1.00 0.03 1.00 1.00 1.00 1.00

0 0 1 ? ? ? ? ? ? ?
0 1 2 2 1 1 ? ? ? ?
0 1 ? 1 0 1 ? ? ? ?
0 1 1 1 0 1 2 ? ? ?
0 1 1 1 0 0 1 ? ? ?
0 1 ? 2 1 1 1 ? ? ?
0 2 2 3 ? ? ? ? ? ?
0 1 ? 2 1 1 ? ? ? ?
0 1 1 1 1 ? ? ? ? ?
0 0 0 0 1 ? ? ? ? ?
Risk factors:
1.00 1.00 1.00 1.00 0.00 0.00 0.00 1.00 1.00 1.00
1.00 1.00 1.00 1.00 1.00 1.00 0.00 1.00 1.00 1.00
1.00 1.00 1.00 1.00 1.00 1.00 1.00 0.04 1.00 1.00
1.00 1.00 1.00 1.00 1.00 1.00 1.00 0.06 1.00 1.00
1.00 1.00 1.00 1.00 1.00 1.00 1.00 0.10 1.00 1.00
1.00 1.00 1.00 1.00 1.00 1.00 1.00 0.04 1.00 1.00
1.00 1.00 1.00 1.00 1.00 0.00 0.00 0.02 1.00 1.00
1.00 1.00 1.00 1.00 1.00 1.00 0.01 1.00 1.00 1.00
1.00 1.00 1.00 1.00 1.00 0.00 0.02 1.00 1.00 1.00
1.00 1.00 1.00 1.00 1.00 1.00 1.00 1.00 1.00 1.00

0 0 1 ? 1 ? ? ? ? ?
0 1 2 2 1 1 ? ? ? ?
0 1 ? 1 0 1 ? ? ? ?
0 1 1 1 0 1 2 ? ? ?
0 1 1 1 0 0 1 ? ? ?
0 1 ? 2 1 1 1 ? ? ?
0 2 2 3 ? ? ? ? ? ?
0 1 ? 2 1 1 ? ? ? ?
0 1 1 1 1 ? ? ? ? ?
0 0 0 0 1 ? ? ? ? ?
Risk factors:
1.00 1.00 1.00 1.00 1.00 0.00 0.00 1.00 1.00 1.00
1.00 1.00 1.00 1.00 1.00 1.00 0.00 1.00 1.00 1.00
1.00 1.00 1.00 1.00 1.00 1.00 1.00 0.04 1.00 1.00
1.00 1.00 1.00 1.00 1.00 1.00 1.00 0.06 1.00 1.00
1.00 1.00 1.00 1.00 1.00 1.00 1.00 0.10 1.00 1.00
1.00 1.00 1.00 1.00 1.00 1.00 1.00 0.04 1.00 1.00
1.00 1.00 1.00 1.00 1.00 0.00 0.00 0.02 1.00 1.00
1.00 1.00 1.00 1.00 1.00 1.00 0.01 1.00 1.00 1.00
1.00 1.00 1.00 1.00 1.00 0.00 0.02 1.00 1.00 1.00
1.00 1.00 1.00 1.00 1.00 1.00 1.00 1.00 1.00 1.00

0 0 1 ? 1 0 0 0 1 ?
0 1 2 2 1 1 1 1 1 ?
0 1 ? 1 0 1 ? ? ? ?
0 1 1 1 0 1 2 ? ? ?
0 1 1 1 0 0 1 ? ? ?
0 1 ? 2 1 1 1 ? ? ?
0 2 2 3 ? ? ? ? ? ?
0 1 ? 2 1 1 ? ? ? ?
0 1 1 1 1 ? ? ? ? ?
0 0 0 0 1 ? ? ? ? ?
Risk factors:
1.00 1.00 1.00 1.00 1.00 1.00 1.00 1.00 1.00 0.02
1.00 1.00 1.00 1.00 1.00 1.00 1.00 1.00 1.00 0.02
1.00 1.00 1.00 1.00 1.00 1.00 1.00 0.00 0.00 0.00
1.00 1.00 1.00 1.00 1.00 1.00 1.00 0.05 1.00 1.00
1.00 1.00 1.00 1.00 1.00 1.00 1.00 0.10 1.00 1.00
1.00 1.00 1.00 1.00 1.00 1.00 1.00 0.00 1.00 1.00
1.00 1.00 1.00 1.00 1.00 0.00 0.00 0.02 1.00 1.00
1.00 1.00 1.00 1.00 1.00 1.00 0.01 1.00 1.00 1.00
1.00 1.00 1.00 1.00 1.00 0.00 0.02 1.00 1.00 1.00
1.00 1.00 1.00 1.00 1.00 1.00 1.00 1.00 1.00 1.00

0 0 1 ? 1 0 0 0 1 ?
0 1 2 2 1 1 1 1 1 ?
0 1 ? 1 0 1 ? 1 ? ?
0 1 1 1 0 1 2 ? ? ?
0 1 1 1 0 0 1 ? ? ?
0 1 ? 2 1 1 1 ? ? ?
0 2 2 3 ? ? ? ? ? ?
0 1 ? 2 1 1 ? ? ? ?
0 1 1 1 1 ? ? ? ? ?
0 0 0 0 1 ? ? ? ? ?
Risk factors:
1.00 1.00 1.00 1.00 1.00 1.00 1.00 1.00 1.00 0.02
1.00 1.00 1.00 1.00 1.00 1.00 1.00 1.00 1.00 0.02
1.00 1.00 1.00 1.00 1.00 1.00 1.00 1.00 0.00 0.00
1.00 1.00 1.00 1.00 1.00 1.00 1.00 0.06 0.02 1.00
1.00 1.00 1.00 1.00 1.00 1.00 1.00 0.08 1.00 1.00
1.00 1.00 1.00 1.00 1.00 1.00 1.00 0.00 1.00 1.00
1.00 1.00 1.00 1.00 1.00 0.00 0.00 0.02 1.00 1.00
1.00 1.00 1.00 1.00 1.00 1.00 0.01 1.00 1.00 1.00
1.00 1.00 1.00 1.00 1.00 0.00 0.02 1.00 1.00 1.00
1.00 1.00 1.00 1.00 1.00 1.00 1.00 1.00 1.00 1.00

0 0 1 ? 1 0 0 0 1 ?
0 1 2 2 1 1 1 1 1 ?
0 1 ? 1 0 1 ? 1 1 ?
0 1 1 1 0 1 2 ? ? ?
0 1 1 1 0 0 1 ? ? ?
0 1 ? 2 1 1 1 ? ? ?
0 2 2 3 ? ? ? ? ? ?
0 1 ? 2 1 1 ? ? ? ?
0 1 1 1 1 ? ? ? ? ?
0 0 0 0 1 ? ? ? ? ?
Risk factors:
1.00 1.00 1.00 1.00 1.00 1.00 1.00 1.00 1.00 0.02
1.00 1.00 1.00 1.00 1.00 1.00 1.00 1.00 1.00 0.04
1.00 1.00 1.00 1.00 1.00 1.00 1.00 1.00 1.00 0.00
1.00 1.00 1.00 1.00 1.00 1.00 1.00 0.10 0.03 0.01
1.00 1.00 1.00 1.00 1.00 1.00 1.00 0.08 1.00 1.00
1.00 1.00 1.00 1.00 1.00 1.00 1.00 0.00 1.00 1.00
1.00 1.00 1.00 1.00 1.00 0.00 0.00 0.02 1.00 1.00
1.00 1.00 1.00 1.00 1.00 1.00 0.01 1.00 1.00 1.00
1.00 1.00 1.00 1.00 1.00 0.00 0.02 1.00 1.00 1.00
1.00 1.00 1.00 1.00 1.00 1.00 1.00 1.00 1.00 1.00

0 0 1 ? 1 0 0 0 1 ?
0 1 2 2 1 1 1 1 1 ?
0 1 ? 1 0 1 ? 1 1 1
0 1 1 1 0 1 2 ? ? ?
0 1 1 1 0 0 1 ? ? ?
0 1 ? 2 1 1 1 ? ? ?
0 2 2 3 ? ? ? ? ? ?
0 1 ? 2 1 1 ? ? ? ?
0 1 1 1 1 ? ? ? ? ?
0 0 0 0 1 ? ? ? ? ?
Risk factors:
1.00 1.00 1.00 1.00 1.00 1.00 1.00 1.00 1.00 0.02
1.00 1.00 1.00 1.00 1.00 1.00 1.00 1.00 1.00 0.06
1.00 1.00 1.00 1.00 1.00 1.00 1.00 1.00 1.00 1.00
1.00 1.00 1.00 1.00 1.00 1.00 1.00 0.00 0.00 0.03
1.00 1.00 1.00 1.00 1.00 1.00 1.00 1.00 1.00 1.00
1.00 1.00 1.00 1.00 1.00 1.00 1.00 0.00 1.00 1.00
1.00 1.00 1.00 1.00 1.00 0.00 0.00 0.00 1.00 1.00
1.00 1.00 1.00 1.00 1.00 1.00 0.01 1.00 1.00 1.00
1.00 1.00 1.00 1.00 1.00 0.00 0.02 1.00 1.00 1.00
1.00 1.00 1.00 1.00 1.00 1.00 1.00 1.00 1.00 1.00

0 0 1 ? 1 0 0 0 1 ?
0 1 2 2 1 1 1 1 1 ?
0 1 ? 1 0 1 ? 1 1 1
0 1 1 1 0 1 2 2 ? ?
0 1 1 1 0 0 1 ? ? ?
0 1 ? 2 1 1 1 ? ? ?
0 2 2 3 ? ? ? ? ? ?
0 1 ? 2 1 1 ? ? ? ?
0 1 1 1 1 ? ? ? ? ?
0 0 0 0 1 ? ? ? ? ?
Risk factors:
1.00 1.00 1.00 1.00 1.00 1.00 1.00 1.00 1.00 0.02
1.00 1.00 1.00 1.00 1.00 1.00 1.00 1.00 1.00 0.06
1.00 1.00 1.00 1.00 1.00 1.00 1.00 1.00 1.00 1.00
1.00 1.00 1.00 1.00 1.00 1.00 1.00 1.00 0.00 0.03
1.00 1.00 1.00 1.00 1.00 1.00 1.00 1.00 0.00 1.00
1.00 1.00 1.00 1.00 1.00 1.00 1.00 0.00 1.00 1.00
1.00 1.00 1.00 1.00 1.00 0.00 0.00 0.00 1.00 1.00
1.00 1.00 1.00 1.00 1.00 1.00 0.01 1.00 1.00 1.00
1.00 1.00 1.00 1.00 1.00 0.00 0.02 1.00 1.00 1.00
1.00 1.00 1.00 1.00 1.00 1.00 1.00 1.00 1.00 1.00

0 0 1 ? 1 0 0 0 1 ?
0 1 2 2 1 1 1 1 1 ?
0 1 ? 1 0 1 ? 1 1 1
0 1 1 1 0 1 2 2 1 ?
0 1 1 1 0 0 1 ? ? ?
0 1 ? 2 1 1 1 ? ? ?
0 2 2 3 ? ? ? ? ? ?
0 1 ? 2 1 1 ? ? ? ?
0 1 1 1 1 ? ? ? ? ?
0 0 0 0 1 ? ? ? ? ?
Risk factors:
1.00 1.00 1.00 1.00 1.00 1.00 1.00 1.00 1.00 0.02
1.00 1.00 1.00 1.00 1.00 1.00 1.00 1.00 1.00 0.06
1.00 1.00 1.00 1.00 1.00 1.00 1.00 1.00 1.00 1.00
1.00 1.00 1.00 1.00 1.00 1.00 1.00 1.00 1.00 0.04
1.00 1.00 1.00 1.00 1.00 1.00 1.00 1.00 0.00 0.01
1.00 1.00 1.00 1.00 1.00 1.00 1.00 0.00 1.00 1.00
1.00 1.00 1.00 1.00 1.00 0.00 0.00 0.00 1.00 1.00
1.00 1.00 1.00 1.00 1.00 1.00 0.01 1.00 1.00 1.00
1.00 1.00 1.00 1.00 1.00 0.00 0.02 1.00 1.00 1.00
1.00 1.00 1.00 1.00 1.00 1.00 1.00 1.00 1.00 1.00

0 0 1 ? 1 0 0 0 1 ?
0 1 2 2 1 1 1 1 1 ?
0 1 ? 1 0 1 ? 1 1 1
0 1 1 1 0 1 2 2 1 ?
0 1 1 1 0 0 1 ? 1 ?
0 1 ? 2 1 1 1 ? ? ?
0 2 2 3 ? ? ? ? ? ?
0 1 ? 2 1 1 ? ? ? ?
0 1 1 1 1 ? ? ? ? ?
0 0 0 0 1 ? ? ? ? ?
Risk factors:
1.00 1.00 1.00 1.00 1.00 1.00 1.00 1.00 1.00 0.02
1.00 1.00 1.00 1.00 1.00 1.00 1.00 1.00 1.00 0.06
1.00 1.00 1.00 1.00 1.00 1.00 1.00 1.00 1.00 1.00
1.00 1.00 1.00 1.00 1.00 1.00 1.00 1.00 1.00 0.06
1.00 1.00 1.00 1.00 1.00 1.00 1.00 1.00 1.00 0.02
1.00 1.00 1.00 1.00 1.00 1.00 1.00 0.00 0.01 0.01
1.00 1.00 1.00 1.00 1.00 0.00 0.00 0.00 1.00 1.00
1.00 1.00 1.00 1.00 1.00 1.00 0.01 1.00 1.00 1.00
1.00 1.00 1.00 1.00 1.00 0.00 0.02 1.00 1.00 1.00
1.00 1.00 1.00 1.00 1.00 1.00 1.00 1.00 1.00 1.00

0 0 1 ? 1 0 0 0 1 ?
0 1 2 2 1 1 1 1 1 ?
0 1 ? 1 0 1 ? 1 1 1
0 1 1 1 0 1 2 2 1 ?
0 1 1 1 0 0 1 ? 1 ?
0 1 ? 2 1 1 1 1 ? ?
0 2 2 3 ? ? ? ? ? ?
0 1 ? 2 1 1 ? ? ? ?
0 1 1 1 1 ? ? ? ? ?
0 0 0 0 1 ? ? ? ? ?
Risk factors:
1.00 1.00 1.00 1.00 1.00 1.00 1.00 1.00 1.00 0.02
1.00 1.00 1.00 1.00 1.00 1.00 1.00 1.00 1.00 0.06
1.00 1.00 1.00 1.00 1.00 1.00 1.00 1.00 1.00 1.00
1.00 1.00 1.00 1.00 1.00 1.00 1.00 1.00 1.00 0.06
1.00 1.00 1.00 1.00 1.00 1.00 1.00 1.00 1.00 0.02
1.00 1.00 1.00 1.00 1.00 1.00 1.00 1.00 0.03 0.01
1.00 1.00 1.00 1.00 1.00 0.00 0.00 0.00 0.02 1.00
1.00 1.00 1.00 1.00 1.00 1.00 0.01 1.00 1.00 1.00
1.00 1.00 1.00 1.00 1.00 0.00 0.02 1.00 1.00 1.00
1.00 1.00 1.00 1.00 1.00 1.00 1.00 1.00 1.00 1.00

0 0 1 ? 1 0 0 0 1 ?
0 1 2 2 1 1 1 1 1 ?
0 1 ? 1 0 1 ? 1 1 1
0 1 1 1 0 1 2 2 1 ?
0 1 1 1 0 0 1 ? 1 ?
0 1 ? 2 1 1 1 1 ? ?
0 2 2 3 ? 1 ? ? ? ?
0 1 ? 2 1 1 ? ? ? ?
0 1 1 1 1 ? ? ? ? ?
0 0 0 0 1 ? ? ? ? ?
Risk factors:
1.00 1.00 1.00 1.00 1.00 1.00 1.00 1.00 1.00 0.02
1.00 1.00 1.00 1.00 1.00 1.00 1.00 1.00 1.00 0.06
1.00 1.00 1.00 1.00 1.00 1.00 1.00 1.00 1.00 1.00
1.00 1.00 1.00 1.00 1.00 1.00 1.00 1.00 1.00 0.06
1.00 1.00 1.00 1.00 1.00 1.00 1.00 1.00 1.00 0.02
1.00 1.00 1.00 1.00 1.00 1.00 1.00 1.00 0.03 0.01
1.00 1.00 1.00 1.00 1.00 1.00 0.00 0.00 0.02 1.00
1.00 1.00 1.00 1.00 1.00 1.00 0.00 1.00 1.00 1.00
1.00 1.00 1.00 1.00 1.00 0.00 0.00 1.00 1.00 1.00
1.00 1.00 1.00 1.00 1.00 1.00 1.00 1.00 1.00 1.00

0 0 1 ? 1 0 0 0 1 ?
0 1 2 2 1 1 1 1 1 ?
0 1 ? 1 0 1 ? 1 1 1
0 1 1 1 0 1 2 2 1 0
0 1 1 1 0 0 1 ? 1 0
0 1 ? 2 1 1 1 1 1 0
0 2 2 3 ? 1 0 0 0 0
0 1 ? 2 1 1 0 1 1 1
0 1 1 1 1 1 1 1 ? ?
0 0 0 0 1 ? ? ? ? ?
Risk factors:
1.00 1.00 1.00 1.00 1.00 1.00 1.00 1.00 1.00 0.00
1.00 1.00 1.00 1.00 1.00 1.00 1.00 1.00 1.00 1.00
1.00 1.00 1.00 1.00 1.00 1.00 1.00 1.00 1.00 1.00
1.00 1.00 1.00 1.00 1.00 1.00 1.00 1.00 1.00 1.00
1.00 1.00 1.00 1.00 1.00 1.00 1.00 1.00 1.00 1.00
1.00 1.00 1.00 1.00 1.00 1.00 1.00 1.00 1.00 1.00
1.00 1.00 1.00 1.00 1.00 1.00 1.00 1.00 1.00 1.00
1.00 1.00 1.00 1.00 1.00 1.00 1.00 1.00 1.00 1.00
1.00 1.00 1.00 1.00 1.00 1.00 1.00 1.00 1.00 0.00
1.00 1.00 1.00 1.00 1.00 1.00 0.00 0.00 0.00 1.00

0 0 1 ? 1 0 0 0 1 1
0 1 2 2 1 1 1 1 1 ?
0 1 ? 1 0 1 ? 1 1 1
0 1 1 1 0 1 2 2 1 0
0 1 1 1 0 0 1 ? 1 0
0 1 ? 2 1 1 1 1 1 0
0 2 2 3 ? 1 0 0 0 0
0 1 ? 2 1 1 0 1 1 1
0 1 1 1 1 1 1 1 ? ?
0 0 0 0 1 ? ? ? ? ?
Risk factors:
1.00 1.00 1.00 1.00 1.00 1.00 1.00 1.00 1.00 1.00
1.00 1.00 1.00 1.00 1.00 1.00 1.00 1.00 1.00 1.00
1.00 1.00 1.00 1.00 1.00 1.00 1.00 1.00 1.00 1.00
1.00 1.00 1.00 1.00 1.00 1.00 1.00 1.00 1.00 1.00
1.00 1.00 1.00 1.00 1.00 1.00 1.00 1.00 1.00 1.00
1.00 1.00 1.00 1.00 1.00 1.00 1.00 1.00 1.00 1.00
1.00 1.00 1.00 1.00 1.00 1.00 1.00 1.00 1.00 1.00
1.00 1.00 1.00 1.00 1.00 1.00 1.00 1.00 1.00 1.00
1.00 1.00 1.00 1.00 1.00 1.00 1.00 1.00 1.00 0.00
1.00 1.00 1.00 1.00 1.00 1.00 0.00 0.00 0.00 1.00

0 0 1 ? 1 0 0 0 1 1
0 1 2 2 1 1 1 1 1 ?
0 1 ? 1 0 1 ? 1 1 1
0 1 1 1 0 1 2 2 1 0
0 1 1 1 0 0 1 ? 1 0
0 1 ? 2 1 1 1 1 1 0
0 2 2 3 ? 1 0 0 0 0
0 1 ? 2 1 1 0 1 1 1
0 1 1 1 1 1 1 1 ? 1
0 0 0 0 1 ? ? ? ? ?
Risk factors:
1.00 1.00 1.00 1.00 1.00 1.00 1.00 1.00 1.00 1.00
1.00 1.00 1.00 1.00 1.00 1.00 1.00 1.00 1.00 1.00
1.00 1.00 1.00 1.00 1.00 1.00 1.00 1.00 1.00 1.00
1.00 1.00 1.00 1.00 1.00 1.00 1.00 1.00 1.00 1.00
1.00 1.00 1.00 1.00 1.00 1.00 1.00 1.00 1.00 1.00
1.00 1.00 1.00 1.00 1.00 1.00 1.00 1.00 1.00 1.00
1.00 1.00 1.00 1.00 1.00 1.00 1.00 1.00 1.00 1.00
1.00 1.00 1.00 1.00 1.00 1.00 1.00 1.00 1.00 1.00
1.00 1.00 1.00 1.00 1.00 1.00 1.00 1.00 1.00 1.00
1.00 1.00 1.00 1.00 1.00 1.00 0.00 0.00 0.00 0.00

0 0 1 ? 1 0 0 0 1 1
0 1 2 2 1 1 1 1 1 ?
0 1 ? 1 0 1 ? 1 1 1
0 1 1 1 0 1 2 2 1 0
0 1 1 1 0 0 1 ? 1 0
0 1 ? 2 1 1 1 1 1 0
0 2 2 3 ? 1 0 0 0 0
0 1 ? 2 1 1 0 1 1 1
0 1 1 1 1 1 1 1 ? 1
0 0 0 0 1 ? 1 ? ? ?
Risk factors:
1.00 1.00 1.00 1.00 1.00 1.00 1.00 1.00 1.00 1.00
1.00 1.00 1.00 1.00 1.00 1.00 1.00 1.00 1.00 1.00
1.00 1.00 1.00 1.00 1.00 1.00 1.00 1.00 1.00 1.00
1.00 1.00 1.00 1.00 1.00 1.00 1.00 1.00 1.00 1.00
1.00 1.00 1.00 1.00 1.00 1.00 1.00 1.00 1.00 1.00
1.00 1.00 1.00 1.00 1.00 1.00 1.00 1.00 1.00 1.00
1.00 1.00 1.00 1.00 1.00 1.00 1.00 1.00 1.00 1.00
1.00 1.00 1.00 1.00 1.00 1.00 1.00 1.00 1.00 1.00
1.00 1.00 1.00 1.00 1.00 1.00 1.00 1.00 1.00 1.00
1.00 1.00 1.00 1.00 1.00 1.00 1.00 0.00 0.00 0.00

0 0 1 ? 1 0 0 0 1 1
0 1 2 2 1 1 1 1 1 ?
0 1 ? 1 0 1 ? 1 1 1
0 1 1 1 0 1 2 2 1 0
0 1 1 1 0 0 1 ? 1 0
0 1 ? 2 1 1 1 1 1 0
0 2 2 3 ? 1 0 0 0 0
0 1 ? 2 1 1 0 1 1 1
0 1 1 1 1 1 1 1 ? 1
0 0 0 0 1 ? 1 1 ? ?
Risk factors:
1.00 1.00 1.00 1.00 1.00 1.00 1.00 1.00 1.00 1.00
1.00 1.00 1.00 1.00 1.00 1.00 1.00 1.00 1.00 1.00
1.00 1.00 1.00 1.00 1.00 1.00 1.00 1.00 1.00 1.00
1.00 1.00 1.00 1.00 1.00 1.00 1.00 1.00 1.00 1.00
1.00 1.00 1.00 1.00 1.00 1.00 1.00 1.00 1.00 1.00
1.00 1.00 1.00 1.00 1.00 1.00 1.00 1.00 1.00 1.00
1.00 1.00 1.00 1.00 1.00 1.00 1.00 1.00 1.00 1.00
1.00 1.00 1.00 1.00 1.00 1.00 1.00 1.00 1.00 1.00
1.00 1.00 1.00 1.00 1.00 1.00 1.00 1.00 1.00 1.00
1.00 1.00 1.00 1.00 1.00 1.00 1.00 1.00 0.00 0.00

0 0 1 ? 1 0 0 0 1 1
0 1 2 2 1 1 1 1 1 ?
0 1 ? 1 0 1 ? 1 1 1
0 1 1 1 0 1 2 2 1 0
0 1 1 1 0 0 1 ? 1 0
0 1 ? 2 1 1 1 1 1 0
0 2 2 3 ? 1 0 0 0 0
0 1 ? 2 1 1 0 1 1 1
0 1 1 1 1 1 1 1 ? 1
0 0 0 0 1 ? 1 1 1 ?
Risk factors:
1.00 1.00 1.00 1.00 1.00 1.00 1.00 1.00 1.00 1.00
1.00 1.00 1.00 1.00 1.00 1.00 1.00 1.00 1.00 1.00
1.00 1.00 1.00 1.00 1.00 1.00 1.00 1.00 1.00 1.00
1.00 1.00 1.00 1.00 1.00 1.00 1.00 1.00 1.00 1.00
1.00 1.00 1.00 1.00 1.00 1.00 1.00 1.00 1.00 1.00
1.00 1.00 1.00 1.00 1.00 1.00 1.00 1.00 1.00 1.00
1.00 1.00 1.00 1.00 1.00 1.00 1.00 1.00 1.00 1.00
1.00 1.00 1.00 1.00 1.00 1.00 1.00 1.00 1.00 1.00
1.00 1.00 1.00 1.00 1.00 1.00 1.00 1.00 1.00 1.00
1.00 1.00 1.00 1.00 1.00 1.00 1.00 1.00 1.00 0.00

? ? ? ? ? ? ? ? ? ?
? ? ? ? ? ? ? ? ? ?
? ? ? ? ? ? ? ? ? ?
? ? ? ? ? ? ? ? ? ?
? ? ? ? ? ? ? ? ? ?
? ? ? ? ? ? ? ? ? ?
? ? ? ? ? ? ? ? ? ?
? ? ? ? ? ? ? ? 1 ?
? ? ? ? ? ? ? ? ? ?
? ? ? ? ? ? ? ? ? ?
Risk factors:
1.00 1.00 1.00 1.00 1.00 1.00 1.00 1.00 1.00 1.00
1.00 1.00 1.00 1.00 1.00 1.00 1.00 1.00 1.00 1.00
1.00 1.00 1.00 1.00 1.00 1.00 1.00 1.00 1.00 1.00
1.00 1.00 1.00 1.00 1.00 1.00 1.00 1.00 1.00 1.00
1.00 1.00 1.00 1.00 1.00 1.00 1.00 1.00 1.00 1.00
1.00 1.00 1.00 1.00 1.00 1.00 1.00 1.00 1.00 1.00
1.00 1.00 1.00 1.00 1.00 1.00 1.00 1.00 0.60 0.50
1.00 1.00 1.00 1.00 1.00 1.00 1.00 0.60 1.00 0.38
1.00 1.00 1.00 1.00 1.00 1.00 1.00 1.00 0.60 0.50
1.00 1.00 1.00 1.00 1.00 1.00 1.00 1.00 1.00 1.00

? ? ? ? ? ? ? ? ? ?
? ? ? ? ? ? ? ? ? ?
? ? ? ? ? ? ? ? ? ?
? ? ? ? ? ? ? ? ? ?
? ? ? ? ? ? ? ? ? ?
? ? ? ? ? ? ? ? ? ?
? ? ? ? ? ? ? ? 2 1
? ? ? ? ? ? ? ? 1 0
? ? ? ? ? ? ? ? 1 1
? ? ? ? ? ? ? ? ? ?
Risk factors:
1.00 1.00 1.00 1.00 1.00 1.00 1.00 1.00 1.00 1.00
1.00 1.00 1.00 1.00 1.00 1.00 1.00 1.00 1.00 1.00
1.00 1.00 1.00 1.00 1.00 1.00 1.00 1.00 1.00 1.00
1.00 1.00 1.00 1.00 1.00 1.00 1.00 1.00 1.00 1.00
1.00 1.00 1.00 1.00 1.00 1.00 1.00 1.00 1.00 1.00
1.00 1.00 1.00 1.00 1.00 1.00 1.00 0.50 0.56 0.45
1.00 1.00 1.00 1.00 1.00 1.00 1.00 0.56 1.00 1.00
1.00 1.00 1.00 1.00 1.00 1.00 1.00 1.00 1.00 1.00
1.00 1.00 1.00 1.00 1.00 1.00 1.00 0.38 1.00 1.00
1.00 1.00 1.00 1.00 1.00 1.00 1.00 0.12 0.21 0.21

? ? ? ? ? ? ? ? ? ?
? ? ? ? ? ? ? ? ? ?
? ? ? ? ? ? ? ? ? ?
? ? ? ? ? ? ? ? ? ?
? ? ? ? ? ? ? ? ? ?
? ? ? ? ? ? ? ? ? ?
? ? ? ? ? ? ? ? 2 1
? ? ? ? ? ? ? ? 1 0
? ? ? ? ? ? ? ? 1 1
? ? ? ? ? ? ? 1 ? ?
Risk factors:
1.00 1.00 1.00 1.00 1.00 1.00 1.00 1.00 1.00 1.00
1.00 1.00 1.00 1.00 1.00 1.00 1.00 1.00 1.00 1.00
1.00 1.00 1.00 1.00 1.00 1.00 1.00 1.00 1.00 1.00
1.00 1.00 1.00 1.00 1.00 1.00 1.00 1.00 1.00 1.00
1.00 1.00 1.00 1.00 1.00 1.00 1.00 1.00 1.00 1.00
1.00 1.00 1.00 1.00 1.00 1.00 1.00 0.67 0.75 0.60
1.00 1.00 1.00 1.00 1.00 1.00 1.00 1.00 1.00 1.00
1.00 1.00 1.00 1.00 1.00 1.00 1.00 1.00 1.00 1.00
1.00 1.00 1.00 1.00 1.00 1.00 0.25 0.60 1.00 1.00
1.00 1.00 1.00 1.00 1.00 1.00 0.17 1.00 0.50 0.29

? ? ? 1 0 1 ? ? ? ?
? ? ? 2 0 2 ? ? ? ?
? ? ? 1 0 3 ? ? ? ?
? 1 1 1 0 2 ? ? ? ?
? 1 0 0 1 2 ? ? ? ?
? 1 1 1 2 ? ? ? ? ?
? ? ? ? ? ? ? ? ? ?
? ? ? ? ? ? ? ? ? ?
? ? ? ? ? ? ? ? ? ?
? ? ? ? ? ? ? ? ? ?
Risk factors:
1.00 1.00 1.00 1.00 1.00 1.00 0.26 1.00 1.00 1.00
1.00 1.00 0.00 1.00 1.00 1.00 0.86 1.00 1.00 1.00
0.07 0.00 1.00 1.00 1.00 1.00 1.00 1.00 1.00 1.00
0.12 1.00 1.00 1.00 1.00 1.00 1.00 1.00 1.00 1.00
0.21 1.00 1.00 1.00 1.00 1.00 0.43 1.00 1.00 1.00
0.12 1.00 1.00 1.00 1.00 1.00 0.00 1.00 1.00 1.00
0.07 0.21 0.43 0.57 0.32 0.21 1.00 1.00 1.00 1.00
1.00 1.00 1.00 1.00 1.00 1.00 1.00 1.00 1.00 1.00
1.00 1.00 1.00 1.00 1.00 1.00 1.00 1.00 1.00 1.00
1.00 1.00 1.00 1.00 1.00 1.00 1.00 1.00 1.00 1.00

? ? ? 1 0 1 ? ? ? ?
? ? 2 2 0 2 ? ? ? ?
? ? ? 1 0 3 ? ? ? ?
? 1 1 1 0 2 ? ? ? ?
? 1 0 0 1 2 ? ? ? ?
? 1 1 1 2 ? ? ? ? ?
? ? ? ? ? ? ? ? ? ?
? ? ? ? ? ? ? ? ? ?
? ? ? ? ? ? ? ? ? ?
? ? ? ? ? ? ? ? ? ?
Risk factors:
1.00 0.12 1.00 1.00 1.00 1.00 0.23 1.00 1.00 1.00
1.00 0.12 1.00 1.00 1.00 1.00 0.75 1.00 1.00 1.00
0.05 0.00 1.00 1.00 1.00 1.00 1.00 1.00 1.00 1.00
0.11 1.00 1.00 1.00 1.00 1.00 0.88 1.00 1.00 1.00
0.19 1.00 1.00 1.00 1.00 1.00 0.38 1.00 1.00 1.00
0.11 1.00 1.00 1.00 1.00 1.00 0.00 1.00 1.00 1.00
0.06 0.19 0.38 0.50 0.28 0.19 1.00 1.00 1.00 1.00
1.00 1.00 1.00 1.00 1.00 1.00 1.00 1.00 1.00 1.00
1.00 1.00 1.00 1.00 1.00 1.00 1.00 1.00 1.00 1.00
1.00 1.00 1.00 1.00 1.00 1.00 1.00 1.00 1.00 1.00

? ? ? 1 0 1 ? ? ? ?
? ? 2 2 0 2 ? ? ? ?
? 1 ? 1 0 3 ? ? ? ?
? 1 1 1 0 2 ? ? ? ?
? 1 0 0 1 2 ? ? ? ?
? 1 1 1 2 ? ? ? ? ?
? ? ? ? ? ? ? ? ? ?
? ? ? ? ? ? ? ? ? ?
? ? ? ? ? ? ? ? ? ?
? ? ? ? ? ? ? ? ? ?
Risk factors:
1.00 0.06 1.00 1.00 1.00 1.00 0.13 1.00 1.00 1.00
0.03 0.11 1.00 1.00 1.00 1.00 0.44 1.00 1.00 1.00
0.06 1.00 1.00 1.00 1.00 1.00 1.00 1.00 1.00 1.00
0.11 1.00 1.00 1.00 1.00 1.00 0.52 1.00 1.00 1.00
0.11 1.00 1.00 1.00 1.00 1.00 0.22 1.00 1.00 1.00
0.06 1.00 1.00 1.00 1.00 1.00 0.00 1.00 1.00 1.00
0.04 0.11 0.22 0.30 0.17 0.11 1.00 1.00 1.00 1.00
1.00 1.00 1.00 1.00 1.00 1.00 1.00 1.00 1.00 1.00
1.00 1.00 1.00 1.00 1.00 1.00 1.00 1.00 1.00 1.00
1.00 1.00 1.00 1.00 1.00 1.00 1.00 1.00 1.00 1.00

